# GIMP colorrc
# 
# This file holds a list of recently used colors.

(color-history
    (color-rgba 0.94585987261146498 0.88252104185623292 0.92274976343394555 1)
    (color-rgba 0.92549026012420654 0.67843139171600342 0.82745105028152466 1)
    (color-rgba 0.98089171974522293 0.12261146496815287 0.23741328248610508 1)
    (color-rgba 0.93889783995873488 0.91515013648771615 0.94904458598726116 1)
    (color-rgba 0.7379863280457627 0.37818471337579623 0.89171974522292996 1)
    (color-rgba 0.91172952177138455 0.83184997725204735 0.94585987261146498 1)
    (color-rgba 0.60817231067038391 0.063808007279344825 0.84076433121019112 1)
    (color-rgba 0.84076433121019112 0.063808007279344825 0.5400070445272831 1)
    (color-rgba 0.97647064924240112 0.85490202903747559 0.92941182851791382 1)
    (color-rgba 0.95686280727386475 0.36862745881080627 0.5215686559677124 1)
    (color-rgba 0.42352944612503052 0.81176477670669556 0.86274516582489014 1)
    (color-rgba 0.96078437566757202 0.35294118523597717 0.5058823823928833 1)
    (color-rgba 0.35294118523597723 0.91432502353267309 0.96078437566757202 1)
    (color-rgba 0.96078437566757202 0.35294118523597717 0.50980395078659058 1)
    (color-rgba 0.31372550129890442 0.17254902422428131 0.26274511218070984 1)
    (color-rgba 1 1 1 1)
    (color-rgba 0.96496815286624205 0.16369995450409458 0.30149767014599238 1)
    (color-rgba 0 0 0 1)
    (color-rgba 0.91719745222929938 0.22929936305732485 0.72879224309302626 1)
    (color-rgba 0.94904458598726116 0.14828821656050956 0.72972914722706828 1)
    (color-rgba 0.85987261146496818 0.099806642402183829 0.099806642402183829 1)
    (color-rgba 0.057324840764331197 0.029941992720655137 0.029941992720655137 1)
    (color-rgba 0.21927604640582352 0.31841274711231371 0.92675159235668791 1)
    (color-rgba 0.98431372549019602 0.94509803921568625 0.7803921568627451 1)
    (color-rgba 0.038216560509554132 0.024055959963603268 0.026220637754067095 1)
    (color-rgba 0.0030941562393142605 0.0026160145586897172 0.0063694267515923553 1)
    (color-rgba 0.92993630573248409 0.1245450409463148 0.2476621769645827 1)
    (color-rgba 0.1245450409463148 0.92993630573248409 0.60675382368453101 1)
    (color-rgba 0.92993630573248409 0.75552036303993775 0.1245450409463148 1)
    (color-rgba 0.92993630573248409 0.1245450409463148 0.78629964704450483 1)
    (color-rgba 0 0.87450981140136719 0.40784314274787903 1)
    (color-rgba 0.088375796178343957 0.19176234329993119 0.9426751592356688 1)
    (color-rgba 0.0029003639672429476 0.0063694267515923553 0.0045133676822589151 1)
    (color-rgba 0 0.87579617834394907 0.40721733133189997 1)
    (color-rgba 0.030354299363057325 0.9713375796178344 0.46788155706113854 1)
    (color-rgba 0.65368080348087121 0.030354299363057325 0.9713375796178344 1)
    (color-rgba 0 0.88535031847133761 1 1)
    (color-rgba 0.27595657314408645 0.18141492265696085 0.92356687898089174 1)
    (color-rgba 0.063937051198831599 0.039709394904458586 0.06687898089171973 1)
    (color-rgba 0.89179128536075125 0.13179595086442217 0.98407643312101911 1)
    (color-rgba 0.42584167424931757 0.91719745222929938 0.66369542664727055 1)
    (color-rgba 0.011345541401273883 0.0191551888514747 0.022292993630573243 1)
    (color-rgba 0.071784008189262921 0.69532857389172542 0.94585987261146498 1)
    (color-rgba 0.041131141947224795 0.60929820754826325 0.83757961783439494 1)
    (color-rgba 0.94904458598726116 0.27962920837124655 0.31800333829827937 1)
    (color-rgba 0.95222929936305734 0.27631653776160142 0.31506312919098439 1)
    (color-rgba 0.80000001192092896 0.29411765933036804 0.86274510622024536 1)
    (color-rgba 0.80131220913047807 0.29282302092811652 0.86305732484076436 1)
    (color-rgba 0.29282302092811652 0.36183226789843709 0.86305732484076436 1)
    (color-rgba 0.011686760691537759 0.013152156274088196 0.019108280254777066 1)
    (color-rgba 0.074556414922656994 0.23339182116921597 0.87898089171974525 1)
    (color-rgba 0.92038216560509556 0.082176979071883552 0.14624361753302076 1)
    (color-rgba 0.96496815286624205 0 0.073755527607610838 1)
    (color-rgba 0.047770700636942665 0.037960646041856227 0.038710459131926528 1)
    (color-rgba 0.96815286624203822 0.077797998180163835 0.14585059956068924 1)
    (color-rgba 1 0.6687898089171973 0 1)
    (color-rgba 1 0 0 1)
    (color-rgba 0.87261146496815289 0.15192788898999093 0.15192788898999093 1)
    (color-rgba 0.16695231406084268 0.86305732484076436 0.15797031392174707 1)
    (color-rgba 0.10495381948267965 0.13694267515923564 0.10454106005459507 1)
    (color-rgba 0.12233997467297987 0.8439490445859873 0.11302888989990899 1)
    (color-rgba 0.013351834760030828 0.022292993630573243 0.013236464968152863 1)
    (color-rgba 0.20726011052317378 0.87261146496815289 0.19867493175614193 1)
    (color-rgba 0.011846322366018696 0.92993630573248409 0 1)
    (color-rgba 0.031192224546924528 0.050955414012738842 0.030937215650591442 1)
    (color-rgba 0.011927461560306496 0.93630573248407645 0 1)
    (color-rgba 0.070063694267515908 0.058490673339399446 0.058490673339399446 1)
    (color-rgba 0.94585987261146498 0.029558121019108281 0.029558121019108281 1)
    (color-rgba 0.015923566878980888 0.0073219972702456768 0.0073219972702456768 1)
    (color-rgba 0.98726114649681529 0.070518653321201066 0.070518653321201066 1)
    (color-rgba 0.11150553775000994 0.76114649681528657 0 1)
    (color-rgba 0.055712941404638179 0.073248407643312086 0.052703122572626986 1)
    (color-rgba 0.1481905135088511 0.90445859872611467 0.018383304852156852 1)
    (color-rgba 1 0.87898089171974503 0 1)
    (color-rgba 0.93630573248407645 0.82575852777879466 0.022836725182538469 1)
    (color-rgba 0.040293855816971078 0.044585987261146487 0.039873647144114746 1)
    (color-rgba 0.18318492446963483 0.88216560509554143 0.11475324944332251 1)
    (color-rgba 0.95859872611464969 0 0 1)
    (color-rgba 0.1803921568627451 0.20392156862745098 0.25098039215686274 1)
    (color-rgba 0.50588235294117645 0.63137254901960782 0.75686274509803919 1)
    (color-rgba 0.53333333333333333 0.75294117647058822 0.81568627450980391 1)
    (color-rgba 0.74901960784313726 0.38039215686274508 0.41568627450980394 1)
    (color-rgba 0.36862745881080627 0.5058823823928833 0.67450982332229614 1)
    (color-rgba 0.1803921568627451 0.82307692307692304 0.36244541484716153 1)
    (color-rgba 0.92549019607843142 0.93725490196078431 0.95686274509803926 1)
    (color-rgba 0 0.33333333333333393 1 1)
    (color-rgba 0.046610169491525411 0.013265971316818771 0.013265971316818771 1)
    (color-rgba 0.97457627118644063 0 0 1)
    (color-rgba 0.2153846153846154 0.47692307692307667 1 1)
    (color-rgba 0.2627450980392157 0.29803921568627451 0.36862745098039218 1)
    (color-rgba 0 0 0 4.6462308383043737e-310)
    (color-rgba 1 0.87356321839080464 0 1))

# end of colorrc
